Date       UT   *  R.A. (J2000) Decl.  Elong.  V        Motion     Object     Sun         Moon
            h m                                      "/min   P.A.  Azi. Alt.  Alt.  Phase Dist. Alt.

* P10IZ9s         20.8
2018 08 18 2000   15 05 16.8 +56 25 38  72.8  20.8    0.18  040.5  129  +55   -18    0.55  073  +19   Map/Offsets

* P10Jcm8         21.5  24 x 30 sec
2018 08 18 1950   21 15 25.7 -04 09 31 167.4  21.5    6.32  166.7  312  +29   -17    0.55  078  +20   Map/Offsets
2018 08 18 2000   21 15 26.6 -04 10 33 167.4  21.5    6.32  166.7  315  +30   -18    0.55  078  +19   Map/Offsets

* P10Jcma         21.4  18 x 30 sec
2018 08 18 2030   21 16 05.4 -04 00 46 167.5  21.4    4.52  223.0  322  +34   -22    0.56  078  +15   Map/Offsets

* ZTF00UZ         20.1  
2018 08 18 2100   18 57 11.8 -02 11 14 135.6  20.1    0.36  102.8  016  +42   -25    0.56  045  +11   Map/Offsets

* P10Jcmt         20.9  18 x 60 sec    
2018 08 18 2100   21 09 02.0 -04 15 06 166.4  20.9    0.92  280.6  333  +37   -25    0.56  076  +11   Map/Offsets

* A1083fA  3 mea. 18.8  18 x 15 sec 
2018 08 18 2200   22 01 02.6 -11 10 04 177.1  18.8   13.30  078.0  338  +31   -30    0.56  086  +02   Map/Offsets   !
2018 08 18 2300   22 01 55.5 -11 07 18 176.9  18.8   13.27  077.8  355  +34   -32    0.57  086  -07   Map/Offsets   !
2018 08 19 0000   22 02 48.4 -11 04 28 176.8  18.8   13.27  077.6  012  +33   -31    0.57  085  -17   Map/Offsets   !

* P10Jcmo         21.1  18 x 60 sec
2018 08 18 2200   21 26 30.7 -08 20 51 172.3  21.1    1.33  209.9  347  +36   -30    0.56  078  +02   Map/Offsets

* P10JcNt         22.1  24 x 60 sec
2018 08 18 2230   21 30 54.1 -04 04 31 169.7  22.1    1.69  296.9  354  +41   -31    0.56  080  -02   Map/Offsets

* VSA814          20.9  12 x 60 sec
2018 08 18 2300   22 20 33.9 -10 37 07 172.6  20.9    0.58  227.8  349  +34   -32    0.57  093  -07

* P10JeFH  3 mea       
2018 08 18 2200   22 29 58.7 +04 50 55 159.8  19.3    1.08  148.6  322  +44   -30    0.56  097  +02   Map/Offsets

* VSA816          21.0  12 x 60 sec  +VSA 815 19.9    0.59  238.9
2018 08 18 2300   22 36 12   -08 01 52 168.1  21.0    0.72  269.0  344  +36   -32    0.57  097  -07

* VSA818          21.8  18 x 60 sec +VSA819 820 821
2018 08 19 0000   23 00 36.5 +06 49 28  153.8  21.8   0.53  268.7  354  +52   -31    0.57  102  -17

* P10Jg34  2 mea
2018 08 18 2330   22 29 04.4 +05 38 27 159.2  21.0    1.05  213.5  354  +50   -32    0.57  096  -12   Map/Offsets

* P10JcXt  3 mea
2018 08 18 2350   22 49 39.1 +00 06 58 160.6  20.7    1.06  072.6  355  +45   -31    0.57  100  -16   Map/Offsets

* P10JcXs  2 mea
2018 08 19 0000   22 55 16.1 -00 46 08 160.1  20.1    5.97  151.2  356  +44   -31    0.57  101  -17   Map/Offsets   !

* P10JcXr  3 mea
2018 08 19 0010   22 59 48.0 +06 38 35 154.2  21.1    3.00  064.8  358  +52   -30    0.57  104  -19   Map/Offsets

* P10JcXo  3 mea
2018 08 19 0030   00 29 28.0 +01 37 14 138.3  20.4    1.83  064.3  334  +43   -29    0.57  124  -23   Map/Offsets

* P10JcXp  2 mea
2018 08 19 0050   00 31 43.3 +02 19 58 137.6  21.5    4.14  355.3  339  +45   -28    0.57  124  -26   Map/Offsets

* P10JeFO  2 mea
2018 08 19 0110   00 41 21.8 +05 24 44 134.1  20.8    0.47  281.7  342  +49   -26    0.57  127  -29   Map/Offsets

* P10JeFR  3 mea
2018 08 19 0130   00 55 13.9 +05 12 03 131.1  20.4    0.81  044.9  344  +49   -24    0.58  130  -33   Map/Offsets

* A10828M
2018 08 19 0240   02 53 16.6 -16 48 48 107.2  18.5   34.16  028.8  336  +25   -15    0.58  142  -44   Map/Offsets   !